4.038496422259399696e+04 -5.367958816165700227e+03 1.949760126163600034e+03 -5.367958816165700227e+03 4.921474889766640263e+04 4.766995279006199780e+03 1.949760126163600034e+03 4.766995279006199780e+03 3.933807765528010350e+04
4.158059426120569697e+04 -5.643667983980400095e+03 -9.801810542530000703e+01 -5.643667983980400095e+03 4.781287246335160307e+04 3.418586292001300080e+03 -9.801810542530000703e+01 3.418586292001300080e+03 4.040533601117820217e+04
3.694605852433369728e+04 -5.258585732981900037e+03 -2.138449658987300154e+03 -5.258585732981900037e+03 3.914632843226950354e+04 2.183880889500700050e+03 -2.138449658987300154e+03 2.183880889500700050e+03 3.568675703581389826e+04
2.694355573006580016e+04 -4.220063564667600076e+03 -3.867132747621600174e+03 -4.220063564667600076e+03 2.428765187917009825e+04 1.214351315799599888e+03 -3.867132747621600174e+03 1.214351315799599888e+03 2.565864473912620088e+04
1.283293175554359914e+04 -2.659116844267599845e+03 -5.050798469310800101e+03 -2.659116844267599845e+03 5.171429023234200031e+03 6.255712520176000453e+02 -5.050798469310800101e+03 6.255712520176000453e+02 1.160362496547209957e+04
-3.647340801894600190e+03 -8.145468308936999620e+02 -5.619608928797700173e+03 -8.145468308936999620e+02 -1.589241645678880013e+04 4.364323795499000198e+02 -5.619608928797700173e+03 4.364323795499000198e+02 -4.721266675460699844e+03
-2.059571591286770126e+04 1.046157364765000011e+03 -5.622350271176400383e+03 1.046157364765000011e+03 -3.655483749889879982e+04 5.801140474774999802e+02 -5.622350271176400383e+03 5.801140474774999802e+02 -2.138972996625189990e+04
-3.637764436017750268e+04 2.697167651270300212e+03 -5.208676466341100422e+03 2.697167651270300212e+03 -5.492233931997259788e+04 9.335593961183999454e+02 -5.208676466341100422e+03 9.335593961183999454e+02 -3.673904889781300153e+04
-4.965620130300150049e+04 3.983230253541700222e+03 -4.541062887206099731e+03 3.983230253541700222e+03 -6.950619019565189956e+04 1.362151182394200077e+03 -4.541062887206099731e+03 1.362151182394200077e+03 -4.943228968005710340e+04
-5.960021634665680176e+04 4.838130568540000240e+03 -3.759386090342699845e+03 4.838130568540000240e+03 -7.942853335705690552e+04 1.742033070845900056e+03 -3.759386090342699845e+03 1.742033070845900056e+03 -5.863028558370359679e+04
-6.577011624922980263e+04 5.266812756393500422e+03 -2.944816050040600203e+03 5.266812756393500422e+03 -8.427305919389090559e+04 1.974366223330800040e+03 -2.944816050040600203e+03 1.974366223330800040e+03 -6.389215770254850213e+04
-6.800186945495230611e+04 5.301207734360399627e+03 -2.155367465847099993e+03 5.301207734360399627e+03 -8.395836028522340348e+04 1.990316147795999996e+03 -2.155367465847099993e+03 1.990316147795999996e+03 -6.506284688007699879e+04
-6.626689924696359958e+04 4.977021755959999609e+03 -1.414773773840000104e+03 4.977021755959999609e+03 -7.860353390188940102e+04 1.742415130963800038e+03 -1.414773773840000104e+03 1.742415130963800038e+03 -6.215412761257460079e+04
-6.083301224508989981e+04 4.337051705828000195e+03 -7.362799224428999878e+02 4.337051705828000195e+03 -6.876353302113599784e+04 1.216782638041099972e+03 -7.362799224428999878e+02 1.216782638041099972e+03 -5.549318581600800098e+04
-5.208587422167460318e+04 3.412485551782699986e+03 -1.353255363611999940e+02 3.412485551782699986e+03 -5.516707110478170216e+04 4.224521617665999997e+02 -1.353255363611999940e+02 4.224521617665999997e+02 -4.553312973204939772e+04
-4.055591399430989986e+04 2.209589995302999796e+03 3.485172986032999916e+02 2.209589995302999796e+03 -3.877898347336470033e+04 -5.887757169625999722e+02 3.485172986032999916e+02 -5.887757169625999722e+02 -3.289162766075639956e+04
-2.707597145204239860e+04 7.296733189719000165e+02 6.579854366920000075e+02 7.296733189719000165e+02 -2.099136740711440143e+04 -1.691307192109600010e+03 6.579854366920000075e+02 -1.691307192109600010e+03 -1.852589534693079986e+04
-1.270429044657610029e+04 -1.021883312196399970e+03 7.237197219268999788e+02 -1.021883312196399970e+03 -3.432814216437800042e+03 -2.690919134167500033e+03 7.237197219268999788e+02 -2.690919134167500033e+03 -3.623318909610500214e+03
1.458773595541199938e+03 -3.024807987886700175e+03 4.922024112285999990e+02 -3.024807987886700175e+03 1.236989728209160057e+04 -3.361772772894099944e+03 4.922024112285999990e+02 -3.361772772894099944e+03 1.057362937867660003e+04
1.403944420625430030e+04 -5.203080071543299709e+03 -5.283484731760000130e+01 -5.203080071543299709e+03 2.475828790184910031e+04 -3.468006339395899886e+03 -5.283484731760000130e+01 -3.468006339395899886e+03 2.255996169962700151e+04
2.371479195035860175e+04 -7.410826654936299747e+03 -8.508394741419000411e+02 -7.410826654936299747e+03 3.237599379818739908e+04 -2.866104731497699959e+03 -8.508394741419000411e+02 -2.866104731497699959e+03 3.093650303795369837e+04
2.932449486706010066e+04 -9.423153263538299143e+03 -1.774983936153500053e+03 -9.423153263538299143e+03 3.432888191513730271e+04 -1.572344494026900065e+03 -1.774983936153500053e+03 -1.572344494026900065e+03 3.461110958199680317e+04
3.012678411748970029e+04 -1.095478397131150086e+04 -2.662277455730200018e+03 -1.095478397131150086e+04 3.042054250255229999e+04 2.309752592113999867e+02 -2.662277455730200018e+03 2.309752592113999867e+02 3.306797144981649762e+04
2.583869705287570105e+04 -1.171996355098409913e+04 -3.371367289703399820e+03 -1.171996355098409913e+04 2.105506513631499911e+04 2.249709151592100170e+03 -3.371367289703399820e+03 2.249709151592100170e+03 2.640009332191069916e+04
1.694316899103459946e+04 -1.153610132932700071e+04 -3.830201587202000155e+03 -1.153610132932700071e+04 7.411590332696399855e+03 4.150929720912299672e+03 -3.830201587202000155e+03 4.150929720912299672e+03 1.550261557195890055e+04
4.496673198886400314e+03 -1.039186376374229985e+04 -4.062289699998099877e+03 -1.039186376374229985e+04 -8.914899380529199334e+03 5.676339483032000317e+03 -4.062289699998099877e+03 5.676339483032000317e+03 1.758623670762400025e+03
-9.961274802166799418e+03 -8.444851555579300111e+03 -4.143327361261000078e+03 -8.444851555579300111e+03 -2.605915522652980144e+04 6.677381683231299576e+03 -4.143327361261000078e+03 6.677381683231299576e+03 -1.314324924550600008e+04
-2.476049532939599885e+04 -5.968096220683100000e+03 -4.159143672406000405e+03 -5.968096220683100000e+03 -4.228173339830480109e+04 7.105921452078099719e+03 -4.159143672406000405e+03 7.105921452078099719e+03 -2.757545650363439927e+04
-3.828351733073179639e+04 -3.275512991295299798e+03 -4.162117595706699831e+03 -3.275512991295299798e+03 -5.613876306680469861e+04 6.998520006163100334e+03 -4.162117595706699831e+03 6.998520006163100334e+03 -4.015987434808049875e+04
-4.931887844497650076e+04 -6.188173185590000003e+02 -4.176983878906699829e+03 -6.188173185590000003e+02 -6.663244568924150371e+04 6.398974242232399774e+03 -4.176983878906699829e+03 6.398974242232399774e+03 -4.991620777595550317e+04
-5.702234718657359917e+04 1.823980176016699943e+03 -4.192953832217999661e+03 1.823980176016699943e+03 -7.312138844113849336e+04 5.352846085078599572e+03 -4.192953832217999661e+03 5.352846085078599572e+03 -5.619979924842259788e+04
-6.105830061810719781e+04 3.941659915145100058e+03 -4.186896558969299804e+03 3.941659915145100058e+03 -7.546551763088139705e+04 3.908347636823300036e+03 -4.186896558969299804e+03 3.908347636823300036e+03 -5.881119987858519744e+04
-6.134118709780019708e+04 5.660780103880900242e+03 -4.125200161277100051e+03 5.660780103880900242e+03 -7.373016341977809498e+04 2.092480458456599990e+03 -4.125200161277100051e+03 2.092480458456599990e+03 -5.774587455504619720e+04
-5.809933668049459811e+04 6.926705231535200255e+03 -3.998233579593099876e+03 6.926705231535200255e+03 -6.828881259600349586e+04 -4.226307523210000028e+01 -3.998233579593099876e+03 -4.226307523210000028e+01 -5.325761750677160308e+04
-5.168542322121119651e+04 7.678513519976299904e+03 -3.784299374712699773e+03 7.678513519976299904e+03 -5.969526103642620001e+04 -2.383719137955099995e+03 -3.784299374712699773e+03 -2.383719137955099995e+03 -4.575543390252989775e+04
-4.273410728449640010e+04 7.871507999487200323e+03 -3.486368230309400133e+03 7.871507999487200323e+03 -4.878227382188560296e+04 -4.758498888394799906e+03 -3.486368230309400133e+03 -4.758498888394799906e+03 -3.590485315637070016e+04
-3.193679102895249889e+04 7.452352456790599717e+03 -3.120563935659799881e+03 7.452352456790599717e+03 -3.645389885145769949e+04 -6.922794691887999761e+03 -3.120563935659799881e+03 -6.922794691887999761e+03 -2.447815496295960111e+04
-2.013115200070869832e+04 6.385863426952800182e+03 -2.737357153962099801e+03 6.385863426952800182e+03 -2.373713037316540067e+04 -8.552681861967999794e+03 -2.737357153962099801e+03 -8.552681861967999794e+03 -1.244157458004500040e+04
-8.213932093826400887e+03 4.696223717379099980e+03 -2.408161079804499877e+03 4.696223717379099980e+03 -1.165827864848699937e+04 -9.311305076443399230e+03 -2.408161079804499877e+03 -9.311305076443399230e+03 -8.689843632260999584e+02
2.792283196068499819e+03 2.501698317212700204e+03 -2.222045209408699975e+03 2.501698317212700204e+03 -1.256059085921599944e+03 -8.941123299945300460e+03 -2.222045209408699975e+03 -8.941123299945300460e+03 9.075418573345899858e+03
1.192159203468630039e+04 2.457645265489999886e+01 -2.250664048782499776e+03 2.457645265489999886e+01 6.608313250743999561e+03 -7.359835446980900088e+03 -2.250664048782499776e+03 -7.359835446980900088e+03 1.637421879964939944e+04
1.829226951843730058e+04 -2.423530215725199923e+03 -2.516745233500600079e+03 -2.423530215725199923e+03 1.123647192791099951e+04 -4.690422767140799806e+03 -2.516745233500600079e+03 -4.690422767140799806e+03 2.024087148062740016e+04
2.130715520047640166e+04 -4.492697412120800436e+03 -2.958756544142800067e+03 -4.492697412120800436e+03 1.222708700189999945e+04 -1.289263389435300041e+03 -2.958756544142800067e+03 -1.289263389435300041e+03 2.035403356891269868e+04
2.069253083586359935e+04 -5.907204128759300147e+03 -3.477887004290900222e+03 -5.907204128759300147e+03 9.451006365228300638e+03 2.353122401833999902e+03 -3.477887004290900222e+03 2.353122401833999902e+03 1.684709088964980037e+04
1.666339867007610155e+04 -6.565009265862299799e+03 -3.984899505153000064e+03 -6.565009265862299799e+03 3.194569411534499977e+03 5.721964488478500243e+03 -3.984899505153000064e+03 5.721964488478500243e+03 1.037384128293409958e+04
9.791897334453300573e+03 -6.552816182258299705e+03 -4.462004293628800042e+03 -6.552816182258299705e+03 -5.903186535944600109e+03 8.417464694231199246e+03 -4.462004293628800042e+03 8.417464694231199246e+03 1.865674663007599975e+03
9.708409882076000486e+02 -6.055663211123100155e+03 -4.945791149404900352e+03 -6.055663211123100155e+03 -1.678426331038380158e+04 1.019532470432589980e+04 -4.945791149404900352e+03 1.019532470432589980e+04 -7.590046830117799800e+03
-8.838925240654700247e+03 -5.255721838519600169e+03 -5.500968469617700066e+03 -5.255721838519600169e+03 -2.818507027620129884e+04 1.096587478510969959e+04 -5.500968469617700066e+03 1.096587478510969959e+04 -1.702980855441480162e+04
-1.869927730915580105e+04 -4.254003750347799723e+03 -6.160619892433300265e+03 -4.254003750347799723e+03 -3.880926242171129707e+04 1.074381523588689925e+04 -6.160619892433300265e+03 1.074381523588689925e+04 -2.563646535090259931e+04
-2.784090463599130089e+04 -3.078105437411899857e+03 -6.911872289507099595e+03 -3.078105437411899857e+03 -4.759584533677509899e+04 9.620319971102999261e+03 -6.911872289507099595e+03 9.620319971102999261e+03 -3.279676370223370031e+04
-3.559968253115619882e+04 -1.743651418621499943e+03 -7.677768919010100035e+03 -1.743651418621499943e+03 -5.380831501109030069e+04 7.764667621423000128e+03 -7.677768919010100035e+03 7.764667621423000128e+03 -3.801522557322880311e+04
-4.142957683581239689e+04 -3.248621888553000190e+02 -8.361597512618600376e+03 -3.248621888553000190e+02 -5.706681009867719695e+04 5.355262050158499733e+03 -8.361597512618600376e+03 5.355262050158499733e+03 -4.095281479886660236e+04
-4.490189667783150071e+04 1.044403783801400095e+03 -8.838492365807400347e+03 1.044403783801400095e+03 -5.734772924589819741e+04 2.593999219620699932e+03 -8.838492365807400347e+03 2.593999219620699932e+03 -4.142611588826410298e+04
-4.581269890051960101e+04 2.198962879531999988e+03 -8.991360293813500903e+03 2.198962879531999988e+03 -5.493968461713010038e+04 -2.835756719423999925e+02 -8.991360293813500903e+03 -2.835756719423999925e+02 -3.951477635735829972e+04
-4.412729108258739871e+04 2.984750164283600043e+03 -8.724885743777800599e+03 2.984750164283600043e+03 -5.029022578713439725e+04 -3.052333298130699859e+03 -8.724885743777800599e+03 -3.052333298130699859e+03 -3.548489472704320360e+04
-4.009666699128920300e+04 3.292275982412199937e+03 -8.000910525283000425e+03 3.292275982412199937e+03 -4.403246060132340062e+04 -5.473215695081699778e+03 -8.000910525283000425e+03 -5.473215695081699778e+03 -2.988653445886039844e+04
-3.411119821180280269e+04 3.071280123901699881e+03 -6.832158934653600227e+03 3.071280123901699881e+03 -3.678262784499469853e+04 -7.304876138625199928e+03 -6.832158934653600227e+03 -7.304876138625199928e+03 -2.337310994850769930e+04
-2.676212252848310163e+04 2.338327014111700009e+03 -5.324697773207500177e+03 2.338327014111700009e+03 -2.916542003178759842e+04 -8.323976190429000781e+03 -5.324697773207500177e+03 -8.323976190429000781e+03 -1.674213427165080066e+04
-1.875898037321379888e+04 1.179398928707900041e+03 -3.674030513381099809e+03 1.179398928707900041e+03 -2.173096729797969965e+04 -8.362012734167699818e+03 -3.674030513381099809e+03 -8.362012734167699818e+03 -1.076362814719030030e+04
-1.093704937106390025e+04 -2.623001400033999744e+02 -2.150077673240100012e+03 -2.623001400033999744e+02 -1.496757614646460024e+04 -7.340411312375100351e+03 -2.150077673240100012e+03 -7.340411312375100351e+03 -6.094849655539300329e+03
-4.143974172177699984e+03 -1.799775724434199901e+03 -1.031633656885999926e+03 -1.799775724434199901e+03 -9.214956315970099240e+03 -5.309518935998599773e+03 -1.031633656885999926e+03 -5.309518935998599773e+03 -3.111050319885299814e+03
8.517989003663000176e+02 -3.252562105950799832e+03 -5.188120703726000329e+02 -3.252562105950799832e+03 -4.744381508786699669e+03 -2.464142826945099841e+03 -5.188120703726000329e+02 -2.464142826945099841e+03 -1.914432245468700103e+03
3.523244413288400210e+03 -4.482405901984800039e+03 -6.536011610640999834e+02 -4.482405901984800039e+03 -1.775617761269400035e+03 8.526368205492999550e+02 -6.536011610640999834e+02 8.526368205492999550e+02 -2.303592782054799954e+03
3.648787795515299877e+03 -5.418608480888099621e+03 -1.320822259271099938e+03 -5.418608480888099621e+03 -5.465894778846000008e+02 4.206477220876299725e+03 -1.320822259271099938e+03 4.206477220876299725e+03 -3.978337358384299932e+03
1.419056094783800063e+03 -6.056208952523799780e+03 -2.286011391977100175e+03 -6.056208952523799780e+03 -1.194961112486600086e+03 7.100637537140300083e+03 -2.286011391977100175e+03 7.100637537140300083e+03 -6.529076503067200065e+03
-2.766384602387900031e+03 -6.428838480201099628e+03 -3.325820153954499801e+03 -6.428838480201099628e+03 -3.751225423590100036e+03 9.129396834407500137e+03 -3.325820153954499801e+03 9.129396834407500137e+03 -9.612342226782999205e+03
-8.250419355394300510e+03 -6.592456045650599663e+03 -4.274415028244799942e+03 -6.592456045650599663e+03 -7.921910874399000022e+03 1.006484375171859938e+04 -4.274415028244799942e+03 1.006484375171859938e+04 -1.279232132184429975e+04
-1.429702476253379973e+04 -6.591729074597699764e+03 -5.030179396801599978e+03 -6.591729074597699764e+03 -1.318739197810760015e+04 9.903603636395400827e+03 -5.030179396801599978e+03 9.903603636395400827e+03 -1.563004217830269954e+04
-2.013699336633160055e+04 -6.431110891879199698e+03 -5.539460801352300223e+03 -6.431110891879199698e+03 -1.882902903237890132e+04 8.810434135129400602e+03 -5.539460801352300223e+03 8.810434135129400602e+03 -1.770582828710129979e+04
-2.511638496695889989e+04 -6.076836837673499758e+03 -5.778826735780099625e+03 -6.076836837673499758e+03 -2.417033453617250052e+04 7.004174676687200190e+03 -5.778826735780099625e+03 7.004174676687200190e+03 -1.881197043614679933e+04
-2.872208507312610163e+04 -5.471559905518700361e+03 -5.734464167635899685e+03 -5.471559905518700361e+03 -2.865264086501319980e+04 4.683755373226799747e+03 -5.734464167635899685e+03 4.683755373226799747e+03 -1.895054748130510052e+04
-3.069227086651160062e+04 -4.585213163451299806e+03 -5.399509670766699855e+03 -4.585213163451299806e+03 -3.197346909848100040e+04 2.005105595939299974e+03 -5.399509670766699855e+03 2.005105595939299974e+03 -1.831448745085420160e+04
-3.097580266205380030e+04 -3.443015049632399950e+03 -4.782672240338300071e+03 -3.443015049632399950e+03 -3.401055886698749964e+04 -8.718682986341999595e+02 -4.782672240338300071e+03 -8.718682986341999595e+02 -1.714038144019640094e+04
-2.976717127840160174e+04 -2.133304497111299952e+03 -3.926107660792600200e+03 -2.133304497111299952e+03 -3.485132912815060263e+04 -3.757896739872499893e+03 -3.926107660792600200e+03 -3.757896739872499893e+03 -1.567442170320729929e+04
-2.737805387610890102e+04 -7.771191482831000030e+02 -2.886396170026499931e+03 -7.771191482831000030e+02 -3.467974792777789844e+04 -6.437141259847399851e+03 -2.886396170026499931e+03 -6.437141259847399851e+03 -1.408287324699269993e+04
-2.421984394225509823e+04 5.099115271234999796e+02 -1.722802544005600112e+03 5.099115271234999796e+02 -3.378949905688210129e+04 -8.681340302340000562e+03 -1.722802544005600112e+03 -8.681340302340000562e+03 -1.252704354856979990e+04
-2.068290578335049941e+04 1.648433767447100081e+03 -5.107675708192999764e+02 1.648433767447100081e+03 -3.247821758029569901e+04 -1.027309598753530008e+04 -5.107675708192999764e+02 -1.027309598753530008e+04 -1.115669491851169914e+04
-1.713588406116679835e+04 2.602763117900999987e+03 6.350702592617000164e+02 2.602763117900999987e+03 -3.104561343432329886e+04 -1.102851418429459954e+04 6.350702592617000164e+02 -1.102851418429459954e+04 -1.017212235115119984e+04
-1.386401406644710005e+04 3.379108911059000093e+03 1.547264525561899973e+03 3.379108911059000093e+03 -2.967743198594380010e+04 -1.083710990779669919e+04 1.547264525561899973e+03 -1.083710990779669919e+04 -9.761256647804300883e+03
-1.113072296594490035e+04 3.996641020927299905e+03 2.053987453244899825e+03 3.996641020927299905e+03 -2.847586716591909862e+04 -9.674251064278400008e+03 2.053987453244899825e+03 -9.674251064278400008e+03 -1.007035211486049957e+04
-9.098815824142999190e+03 4.474632089701100085e+03 2.011670936072699988e+03 4.474632089701100085e+03 -2.740938998128530147e+04 -7.627630806308199681e+03 2.011670936072699988e+03 -7.627630806308199681e+03 -1.107486248670809982e+04
-7.863814652679199753e+03 4.823624840183199922e+03 1.346606958375399927e+03 4.823624840183199922e+03 -2.639843808376949892e+04 -4.896463091730100132e+03 1.346606958375399927e+03 -4.896463091730100132e+03 -1.257995281486940075e+04
-7.357667308948400205e+03 5.055101643715799582e+03 8.028960123250000436e+01 5.055101643715799582e+03 -2.532776933341920085e+04 -1.792454911248599956e+03 8.028960123250000436e+01 -1.792454911248599956e+03 -1.419812343634329955e+04
-7.443995222308700249e+03 5.194452708367500236e+03 -1.687734402249200002e+03 5.194452708367500236e+03 -2.417727329229670067e+04 1.311425833093900110e+03 -1.687734402249200002e+03 1.311425833093900110e+03 -1.555497191407160062e+04
-7.907466803111899935e+03 5.272014419172500311e+03 -3.768266161950899914e+03 5.272014419172500311e+03 -2.296657062878469878e+04 4.001940186332999929e+03 -3.768266161950899914e+03 4.001940186332999929e+03 -1.636542418367699975e+04
-8.584073252215199318e+03 5.297968629243299802e+03 -5.911401795731900165e+03 5.297968629243299802e+03 -2.175233127797679845e+04 5.911305724986799760e+03 -5.911401795731900165e+03 5.911305724986799760e+03 -1.656815517362870014e+04
-9.356656336792300863e+03 5.236412221647699880e+03 -7.814365544023199618e+03 5.236412221647699880e+03 -2.054165589643270141e+04 6.801224116907999814e+03 -7.814365544023199618e+03 6.801224116907999814e+03 -1.626580075073800072e+04
-1.019978706925050028e+04 5.005464206525000009e+03 -9.179393234105000374e+03 5.005464206525000009e+03 -1.934326803143210054e+04 6.627016949192699940e+03 -9.179393234105000374e+03 6.627016949192699940e+03 -1.560326338056070017e+04
-1.109633371122659992e+04 4.500467160727000191e+03 -9.801079918591800379e+03 4.500467160727000191e+03 -1.812696734578930045e+04 5.557842876105900359e+03 -9.801079918591800379e+03 5.557842876105900359e+03 -1.457527961808379951e+04
-1.202072631070550051e+04 3.650044000754599892e+03 -9.629536339739599498e+03 3.650044000754599892e+03 -1.691159031894009968e+04 3.904838637264099816e+03 -9.629536339739599498e+03 3.904838637264099816e+03 -1.305217901120120041e+04
-1.287856964404830069e+04 2.470969873058400026e+03 -8.750918396424900493e+03 2.470969873058400026e+03 -1.576503615441719921e+04 2.007612296152100043e+03 -8.750918396424900493e+03 2.007612296152100043e+03 -1.084460556820119928e+04
-1.357378617915299947e+04 1.069169161897099912e+03 -7.304826626146999843e+03 1.069169161897099912e+03 -1.483420866091790049e+04 1.408449716693999960e+02 -7.304826626146999843e+03 1.408449716693999960e+02 -7.923475314704899574e+03
-1.402433027595120075e+04 -3.793896833660999732e+02 -5.428107431360799637e+03 -3.793896833660999732e+02 -1.424563007093220040e+04 -1.510950496873799921e+03 -5.428107431360799637e+03 -1.510950496873799921e+03 -4.508099826893800127e+03
-1.419525706251070005e+04 -1.707924940439600050e+03 -3.209154578772399873e+03 -1.707924940439600050e+03 -1.409579530988189981e+04 -2.860021085473600124e+03 -3.209154578772399873e+03 -2.860021085473600124e+03 -1.077496652548800057e+03
-1.404089783843240002e+04 -2.802050369916500131e+03 -7.139114273282000340e+02 -2.802050369916500131e+03 -1.438379706581820028e+04 -3.878524377471000207e+03 -7.139114273282000340e+02 -3.878524377471000207e+03 1.763860655764299963e+03
-1.357666339942249942e+04 -3.600900672169500012e+03 1.950597849667799892e+03 -3.600900672169500012e+03 -1.509201378728380041e+04 -4.554308250071600014e+03 1.950597849667799892e+03 -4.554308250071600014e+03 3.378118465554100112e+03
-1.285820959525480066e+04 -4.102947520015300142e+03 4.605563169273899803e+03 -4.102947520015300142e+03 -1.614915197653229916e+04 -4.889279383913400125e+03 4.605563169273899803e+03 -4.889279383913400125e+03 3.346547603382899979e+03
-1.205362744756229949e+04 -4.339541535344100339e+03 6.999312485726100022e+03 -4.339541535344100339e+03 -1.750001545514909958e+04 -4.915014260356199884e+03 6.999312485726100022e+03 -4.915014260356199884e+03 1.485201179496800023e+03
-1.141718585910070033e+04 -4.362236763352099842e+03 8.857394876640899383e+03 -4.362236763352099842e+03 -1.904484933867200016e+04 -4.689300846854799602e+03 8.857394876640899383e+03 -4.689300846854799602e+03 -2.087638937384199835e+03
-1.127261124208980073e+04 -4.235308738763899782e+03 9.940598132840099424e+03 -4.235308738763899782e+03 -2.065344466225380165e+04 -4.285584824777600261e+03 9.940598132840099424e+03 -4.285584824777600261e+03 -6.988265987914700418e+03
-1.180727814590689923e+04 -4.010441924696499882e+03 1.012015780281389925e+04 -4.010441924696499882e+03 -2.213037971846399887e+04 -3.760840246809899782e+03 1.012015780281389925e+04 -3.760840246809899782e+03 -1.261209672549639981e+04
